Predictions:
20.7659863946
20.7659863946
20.9677631579
20.7659863946
20.9677631579
20.7659863946
20.7659863946
20.7659863946
20.9677631579
20.9677631579
19.9974683544
20.7659863946
19.9974683544
20.9677631579
20.9677631579
20.7659863946
20.7659863946
20.7659863946
20.7659863946
19.9974683544
20.9677631579
20.9677631579
20.7659863946
20.7659863946
20.9677631579
20.9677631579
19.9974683544
20.7659863946
20.9677631579
20.7659863946
20.9677631579
19.9974683544
20.7659863946
20.7659863946
20.9677631579
19.9974683544
19.9974683544
19.9974683544
20.7659863946
20.9677631579
19.9974683544
20.9677631579
20.9677631579
20.7659863946
20.7659863946
19.9974683544
20.9677631579
20.9677631579
20.9677631579
20.7659863946
20.9677631579
19.9974683544
19.9974683544
20.7659863946
20.7659863946
20.9677631579
20.7659863946
19.9974683544
20.7659863946
20.7659863946
20.7659863946
20.7659863946
20.7659863946
20.9677631579
20.9677631579
20.9677631579
20.9677631579
20.7659863946
20.9677631579
19.9974683544
20.7659863946
20.9677631579
20.9677631579
20.9677631579
20.9677631579
19.9974683544
20.7659863946
19.9974683544
20.7659863946
20.9677631579
20.9677631579
20.7659863946
20.9677631579
20.9677631579
20.9677631579
20.9677631579
20.7659863946
20.7659863946
20.7659863946
20.7659863946
20.9677631579
20.7659863946
20.9677631579
20.7659863946
19.9974683544
20.7659863946
20.7659863946
20.9677631579
20.9677631579
20.7659863946

Number of trials = 100
Mean = 20.71604903307092
Std. dev. = 0.33793076373280934